2
2
2
2
2
2
2
2
2
2
2
2
23
23
23
23
23
23
23
23
23
23
23
23
26
26
26
26
26
26
67
67
67
67
67
67
67
67
67
67
67
67
76
76
76
76
76
76
76
76
76
76
76
76
123
123
123
123
123
123
123
123
123
123
123
123
637
637
637
637
637
637
671
671
671
671
671
671
673
673
673
673
673
673
762
762
762
762
762
762
763
763
763
763
763
763
765
765
765
765
765
765
989
989
989
989
989
989
989
989
989
989
989
989
1232
1232
1232
1232
1232
1232
1235
1235
1235
1235
1235
1235
1235
1235
1235
1235
1235
1235
9849
9849
9849
9849
9849
9849
9891
9891
9891
9891
9891
9891
9894
9894
9894
9894
9894
9894
