123
2
67
989
76
123
2
637
9849
765
1232
23
671
9894
762
1235
26
673
9891
763
1235
23
67
989
76
123
2
67
989
76
123
2
637
9849
765
1232
23
671
9894
762
1235
26
673
9891
763
1235
23
67
989
76
123
2
67
989
76
123
2
637
9849
765
1232
23
671
9894
762
1235
26
673
9891
763
1235
23
67
989
76
123
2
67
989
76
123
2
637
9849
765
1232
23
671
9894
762
1235
26
673
9891
763
1235
23
67
989
76
123
2
67
989
76
123
2
637
9849
765
1232
23
671
9894
762
1235
26
673
9891
763
1235
23
67
989
76
123
2
67
989
76
123
2
637
9849
765
1232
23
671
9894
762
1235
26
673
9891
763
1235
23
67
989
76